1000, 3.111274
2000, 12.711319
4000, 50.215718
6000, 120.226240
8000, 231.361689
10000, 334.032257
20000, 
40000, 
60000, 
80000, 
100000, 
200000, 
400000, 
600000, 
800000, 
1000000, 
rows,total_time,first_filter,second_filter,join,third_filter,distinct,distinct_sort,count
rows,total_time,first_filter,second_filter,join,third_filter,distinct,distinct_sort,count
1000,1.999984,.000524,.000462,1.176312,.206873,.394102,.147308,.074401
2000,8.342443,.001959,.001071,5.045233,.825114,1.576723,.592878,.299462
4000,33.311401,.002096,.002761,20.136706,3.287457,6.283595,2.411740,1.187043
6000,76.880789,.003412,.003341,47.454634,7.390835,14.054555,5.342963,2.631047
8000,131.784130,.004029,.003896,79.520632,13.130370,24.926053,9.517656,4.681490
10000,205.433110,.004668,.005042,123.810675,20.534758,38.822832,14.798957,7.456175
20000,867.748125,.008797,.008912,541.609320,82.090007,155.140146,59.256329,29.634612
40000
60000
80000
100000
