1000, 2.679697
2000, 11.518177
4000, 61.052027
6000, 148.757903
8000, 268.044814
10000, 2024.983539
20000, 
40000, 
60000, 
80000, 
100000, 
200000, 
400000, 
600000, 
800000, 
1000000, 
rows,total_time,first_filter,sort,partition_by,join,distinct,distinct_sort,count
1000,1.848036,.000497,.000660,.000658,1.253089,.378333,.141870,.072927
2000,8.738946,.001067,.002194,.001384,5.858859,1.996235,.583491,.295714
rows,total_time,first_filter,sort,partition_by,join,distinct,distinct_sort,count
4000,38.281835,.003034,.002939,.002757,26.972668,7.769697,2.326123,1.204615
1000,1.860596,.000511,.000679,.000663,1.257263,.385105,.143393,.072979
2000,8.440764,.001053,.002155,.001365,5.628186,1.940051,.577156,.290797
4000,38.507777,.002473,.002434,.002369,27.262231,7.761692,2.312602,1.163973
6000,91.465900,.003007,.004681,.003903,66.197753,17.479656,5.197685,2.579213
8000,168.689847,.004752,.005728,.004788,123.555608,31.209348,9.279655,4.629967
10000,266.381560,.005476,.007652,.005795,195.942493,48.680120,14.454272,7.285749
20000,1054.486817,.010180,.013708,.011557,771.378346,195.723763,57.742772,29.606490
40000
