Running performance test for plain query plaintext_aspirin_count on c08
Generating test data...
rows,union_all,first_filter,second_filter,join,third_filter,distinct,distinct_sort,count,total#
100,.000001,.000123,.000054,.001817,.001225,.000360,.000074,.003221
200,.000002,.000114,.000729,.005772,.005045,.001499,.000410,.011662
300,.000003,.000782,.000230,.013181,.013601,.003831,.001245,.027796
400,.000003,.000772,.000278,.022669,.027083,.007303,.002824,.050805
500,.000003,.000986,.000348,.035596,.045921,.012764,.004831,.082854
600,.000004,.000415,.000435,.053768,.068092,.018439,.007377,.122713
700,.000004,.000471,.000448,.083853,.090376,.025139,.010056,.175153
800,.000005,.000612,.000540,.106079,.124177,.035755,.013472,.231412
900,.000005,.000645,.000672,.135954,.155600,.043442,.018297,.292876
1000,.000006,.000763,.000736,.197945,.195693,.056059,.021728,.395143
1100,.000010,.000811,.000757,.240891,.249209,.071132,.028233,.491677
1200,.000008,.000931,.000832,.314998,.275631,.078001,.031491,.592399
1300,.000018,.000918,.001023,.359331,.396947,.112358,.037912,.758238
1400,.000018,.001008,.001049,.474213,.381674,.108967,.043626,.857961
1500,.000010,.001017,.000954,.591656,.458905,.132076,.049928,1.052541
1600,.000012,.001147,.001925,.714732,.479870,.140642,.055251,1.197685
1700,.000012,.001148,.001744,.809981,.584996,.148015,.070367,1.397880
1800,.000014,.001053,.001689,.806274,.635256,.169491,.073905,1.444287
1900,.000014,.001364,.001812,1.034727,.884932,.238975,.183920,1.922849
2000,.000016,.001426,.002046,1.166697,.846216,.228124,.095665,2.016401
4000,.000052,.002683,.002622,7.405992,7.802567,4.798688,1.541751,.609028,20.012605
6000,.000067,.003847,.004157,18.422576,18.972265,11.375040,3.655252,1.416025,48.777956
8000,.000102,.005539,.005360,30.905072,31.610467,20.948838,6.696432,2.583469,83.475381
10000,.000111,.006684,.006999,48.616595,49.186458,33.260712,10.569434,4.188115,131.077561
20000,.000254,.021407,.013463,228.654419,221.958497,157.757186,47.795293,22.118059,608.405227
40000,.000522,.028152,.045493,1037.262561,974.668030,793.596000,231.838732,128.168613,2805.600759